0.000
0.050
0.148
0.290
0.476
0.702
0.967
1.268
1.605
1.975
2.376
2.807
3.267
3.754
4.266
4.803
5.362
5.944
6.547
7.170
7.811
8.471
9.147
9.840
10.548
11.270
12.007
12.757
13.519
14.293
15.078
15.874
16.681
17.496
18.322
19.156
19.998
20.848
21.706
22.570
23.442
24.320
25.204
26.093
26.989
27.889
28.795
29.705
30.620
31.539
32.462
33.389
34.319
35.253
36.191
37.131
38.075
39.021
39.970
40.921
41.875
42.832
43.790
44.750
45.713
46.677
47.643
48.611
49.581
50.552
51.524
52.498
53.473
54.449
55.427
56.406
57.385
58.366
59.348
60.330
61.314
62.298
63.283
64.269
65.256
66.243
67.231
68.219
69.208
70.198
71.188
72.178
73.170
74.161
75.153
76.145
77.138
78.131
79.125
80.118
81.113
82.107
83.102
84.096
85.092
86.087
87.083
88.079
89.075
90.071
91.067
92.064
93.061
94.058
95.055
96.052
97.050
98.047
99.045
100.042
101.040
102.038
103.036
104.035
105.033
106.031
107.030
108.028
109.027
110.025
111.024
112.023
113.022
114.021
115.020
116.019
117.018
118.017
119.016
120.015
121.014
122.014
123.013
124.012
125.012
126.011
127.011
128.010
129.010
130.009
131.009
132.008
133.008
134.007
135.007
136.007
137.006
138.006
139.006
140.005
141.005
142.005
143.005
144.004
145.004
146.004
147.004
148.004
149.003
150.003
151.003
152.003
153.003
154.003
155.003
156.002
157.002
158.002
159.002
160.002
161.002
162.002
163.002
164.002
165.002
166.001
167.001
168.001
169.001
170.001
171.001
172.001
173.001
174.001
175.001
176.001
177.001
178.001
179.001
